89.0 92.0 90.0 90.0 
86.0 89.0 88.0 87.0 
89.0 91.0 90.0 90.0 
89.0 93.0 91.0 91.0 
88.0 92.0 90.0 90.0 
89.0 91.0 91.0 90.0 
90.0 92.0 91.0 91.0 
88.0 92.0 90.0 90.0 
89.0 93.0 91.0 91.0 
89.0 94.0 91.0 91.0 
89.0 92.0 91.0 89.0 
90.0 93.0 91.0 90.0 
91.0 93.0 92.0 90.0 
91.0 92.0 91.0 90.0 
90.0 93.0 91.0 90.0 
90.0 93.0 92.0 91.0 
89.0 93.0 90.0 89.0 
91.0 94.0 91.0 91.0 
90.0 92.0 91.0 90.0 
90.0 93.0 91.0 91.0 
89.0 94.0 92.0 91.0 
89.0 93.0 91.0 90.0 
87.0 90.0 88.0 88.0 
88.0 91.0 90.0 90.0 
90.0 93.0 92.0 91.0 
88.0 91.0 90.0 89.0 
87.0 90.0 89.0 88.0 
88.0 92.0 90.0 89.0 
90.0 92.0 91.0 90.0 
90.0 93.0 91.0 90.0 
89.0 92.0 91.0 90.0 
90.0 93.0 91.0 91.0 
90.0 94.0 92.0 90.0 
90.0 92.0 91.0 90.0 
87.0 87.0 89.0 88.0 
87.0 90.0 89.0 88.0 
89.0 92.0 91.0 90.0 
89.0 92.0 91.0 90.0 
90.0 93.0 91.0 91.0 
90.0 93.0 92.0 91.0 
89.0 92.0 91.0 89.0 
90.0 93.0 92.0 91.0 
90.0 93.0 92.0 90.0 
90.0 92.0 91.0 90.0 
86.0 89.0 88.0 87.0 
88.0 89.0 89.0 88.0 
88.0 93.0 90.0 89.0 
90.0 93.0 92.0 91.0 
91.0 93.0 91.0 91.0 
90.0 92.0 90.0 89.0 
90.0 93.0 91.0 90.0 
88.0 92.0 90.0 89.0 
87.0 90.0 88.0 88.0 
89.0 91.0 90.0 89.0 
90.0 93.0 91.0 90.0 
89.0 93.0 92.0 90.0 
90.0 93.0 91.0 89.0 
90.0 93.0 92.0 90.0 
89.0 93.0 91.0 90.0 
87.0 90.0 88.0 88.0 
89.0 92.0 91.0 90.0 
91.0 93.0 91.0 90.0 
87.0 90.0 88.0 87.0 
87.0 90.0 89.0 88.0 
89.0 92.0 90.0 89.0 
90.0 92.0 91.0 91.0 
90.0 93.0 92.0 91.0 
90.0 92.0 90.0 90.0 
91.0 93.0 92.0 90.0 
90.0 93.0 90.0 91.0 
89.0 93.0 91.0 89.0 
90.0 93.0 92.0 90.0 
90.0 92.0 92.0 90.0 
89.0 92.0 90.0 89.0 
90.0 93.0 91.0 90.0 
89.0 93.0 90.0 89.0 
89.0 92.0 91.0 90.0 
91.0 93.0 92.0 91.0 
90.0 92.0 91.0 90.0 
88.0 90.0 89.0 88.0 
89.0 92.0 90.0 89.0 
90.0 93.0 91.0 90.0 
88.0 91.0 89.0 88.0 
87.0 91.0 89.0 88.0 
89.0 92.0 90.0 89.0 
89.0 93.0 92.0 90.0 
87.0 90.0 88.0 87.0 
87.0 90.0 89.0 88.0 
89.0 92.0 90.0 89.0 
89.0 92.0 90.0 90.0 
90.0 93.0 90.0 90.0 
89.0 93.0 90.0 90.0 
87.0 91.0 86.0 88.0 
88.0 92.0 90.0 90.0 
88.0 90.0 89.0 88.0 
89.0 92.0 90.0 89.0 
89.0 92.0 90.0 87.0 
87.0 89.0 88.0 88.0 
88.0 90.0 89.0 88.0 
88.0 92.0 90.0 88.0 
