2.12 2.11 2.10 2.12 2.12 2.11 2.11 2.11
1.99 1.99 1.99 1.99 2.00 1.97 1.98 1.98
2.04 2.03 2.04 2.05 2.05 2.05 2.04 2.04
2.10 2.10 2.09 2.04 2.05 2.03 2.04 2.04
2.11 2.11 2.11 2.13 2.13 2.11 2.11 2.11
2.06 2.05 2.04 2.06 2.04 2.05 2.05 2.04
2.11 2.11 2.11 2.11 2.13 2.11 2.11 2.11
2.11 2.11 2.11 2.11 2.10 2.11 2.12 2.11
1.99 1.99 1.98 1.99 1.98 1.99 2.00 2.00
2.05 2.05 2.06 2.05 2.04 2.05 2.04 2.05
2.05 2.04 2.04 2.05 2.04 2.04 2.04 2.05
2.11 2.11 2.11 2.11 2.15 2.18 2.11 2.11
2.17 2.17 2.18 2.18 2.17 2.18 2.18 2.18
1.99 1.97 1.98 1.99 1.98 1.97 1.97 1.98
2.05 2.06 2.05 2.05 2.05 2.04 2.05 2.04
2.11 2.10 2.11 2.11 2.11 2.11 2.11 2.11
2.11 2.11 2.10 2.13 2.11 2.11 2.12 2.12
2.18 2.20 2.17 2.16 2.20 2.20 2.20 2.20
2.11 2.11 2.11 2.12 2.12 2.11 2.12 2.11
1.98 2.00 1.99 1.97 1.98 1.97 1.97 1.98
2.11 2.11 2.10 2.12 2.12 2.10 2.10 2.11
2.05 2.05 2.05 2.05 2.05 2.05 2.05 2.05
2.12 2.11 2.11 2.11 2.12 2.12 2.12 2.12
2.12 2.12 2.12 2.12 2.11 2.11 2.11 2.11
2.20 2.19 2.18 2.17 2.20 2.17 2.19 2.18
2.11 2.11 2.12 2.11 2.11 2.11 2.11 2.11
2.06 2.05 2.06 2.06 2.06 2.06 2.06 2.07
2.11 2.11 2.11 2.11 2.11 2.11 2.11 2.11
2.19 2.17 2.18 2.18 2.18 2.17 2.20 2.17
2.11 2.11 2.11 2.11 2.11 2.11 2.11 2.19
1.98 1.99 1.98 1.98 1.97 2.00 2.00 1.99
2.11 2.11 2.11 2.12 2.12 2.11 2.13 2.12
2.04 2.06 2.05 2.05 2.05 2.05 2.04 2.05
2.13 2.11 2.12 2.11 2.11 2.11 2.12 2.11
2.19 2.20 2.20 2.19 2.12 2.11 2.11 2.11
2.20 2.19 2.18 2.18 2.19 2.19 2.19 2.19
2.11 2.11 2.11 2.11 2.11 2.11 2.11 2.11
2.00 2.00 1.99 1.97 1.99 1.98 2.00 1.99
2.11 2.11 2.11 2.11 2.11 2.12 2.11 2.12
2.06 2.05 2.05 2.04 2.05 2.05 2.05 2.05
2.12 2.11 2.11 2.10 2.11 2.11 2.12 2.11
2.11 2.11 2.11 2.11 2.11 2.10 2.11 2.10
2.00 2.00 1.99 1.99 1.98 1.99 1.99 1.99
2.06 2.05 2.07 2.05 2.05 2.07 2.06 2.05
2.11 2.11 2.11 2.11 2.11 2.11 2.11 2.11
2.19 2.19 2.17 2.15 2.18 2.20 2.20 2.16
2.11 2.10 2.10 2.11 2.14 2.11 2.11 2.11
2.05 2.05 2.04 2.06 2.05 2.06 2.05 2.06
2.11 2.11 2.11 2.11 2.11 2.11 2.16 2.11
2.18 2.18 2.16 2.20 2.18 2.19 2.16 2.20
2.00 2.00 2.00 2.00 2.00 2.00 2.00 2.00
2.06 2.04 2.04 2.05 2.04 2.05 2.06 2.05
2.12 2.11 2.11 2.12 2.11 2.11 2.11 2.11
2.11 2.11 2.11 2.11 2.11 2.12 2.11 2.11
2.00 1.98 1.98 1.98 1.99 1.98 1.98 1.97
2.05 2.05 2.05 2.05 2.05 2.06 2.07 2.04
2.08 2.06 2.06 2.04 2.06 2.06 2.05 2.04
2.15 2.12 2.11 2.10 2.11 2.12 2.12 2.11
2.05 2.05 2.04 2.02 2.04 2.05 2.05 2.05
2.11 2.11 2.11 2.11 2.15 2.13 2.11 2.10
2.11 2.11 2.11 2.10 2.11 2.12 2.12 2.11
2.20 2.20 2.20 2.20 2.20 2.15 2.20 2.20
2.12 2.11 2.11 2.11 2.10 2.11 2.10 2.11
2.05 2.04 2.04 2.04 2.04 2.04 2.05 2.05
2.11 2.11 2.11 2.11 2.11 2.10 2.11 2.11
2.05 2.05 2.04 2.05 2.05 2.05 2.07 2.06
1.98 1.98 1.97 1.97 1.99 1.98 1.94 1.98
2.07 2.05 2.06 2.05 2.05 2.05 2.06 2.05
2.11 2.10 2.12 2.11 2.12 2.12 2.11 2.10
2.10 2.11 2.11 2.11 2.11 2.11 2.11 2.12
2.06 2.04 2.05 2.04 2.04 2.08 2.07 2.04
2.10 2.11 2.11 2.11 2.12 2.12 2.11 2.11
2.09 2.06 2.10 2.07 2.06 2.10 2.07 2.10
2.04 2.02 2.05 2.05 2.04 2.07 2.05 2.04
2.12 2.11 2.11 2.11 2.11 2.11 2.11 2.11
2.06 2.04 2.03 2.04 2.05 2.05 2.04 2.05
2.04 2.04 2.04 2.04 2.04 2.04 2.05 2.04
2.11 2.11 2.10 2.10 2.12 2.11 2.11 2.11
2.05 2.04 2.04 2.04 2.04 2.04 2.04 2.04
2.04 2.05 2.04 2.03 2.02 2.04 2.03 2.05
2.12 2.11 2.11 2.11 2.12 2.11 2.11 2.11
2.05 2.06 2.05 2.06 2.02 2.05 2.04 2.04
2.06 2.05 2.04 2.04 2.05 2.03 2.04 2.06
2.12 2.16 2.12 2.11 2.12 2.11 2.11 2.15
2.05 2.05 2.06 2.05 2.06 2.05 2.05 2.05
2.11 2.11 2.11 2.11 2.11 2.11 2.11 2.10
2.12 2.11 2.11 2.12 2.10 2.11 2.11 2.11
2.28 2.19 2.10 2.19 2.18 2.21 2.18 2.17
2.11 2.11 2.11 2.11 2.11 2.12 2.12 2.11
1.99 1.99 1.97 1.99 1.98 1.97 1.99 1.99
2.12 2.11 2.11 2.11 2.11 2.12 2.11 2.12
2.05 2.05 2.06 2.05 2.06 2.05 2.05 2.06
2.12 2.11 2.11 2.11 2.12 2.11 2.11 2.11
2.12 2.11 2.12 2.11 2.11 2.11 2.12 2.11
2.05 2.05 2.05 2.08 2.06 2.05 2.06 2.05
2.12 2.11 2.11 2.12 2.12 2.11 2.11 2.12
2.12 2.13 2.13 2.12 2.11 2.12 2.12 2.12
2.19 2.18 2.17 2.17 2.19 2.17 2.20 2.20
2.11 2.11 2.11 2.11 2.11 2.12 2.11 2.10
2.06 2.05 2.06 2.05 2.05 2.05 2.05 2.05
