2.06 2.06 2.06 2.06 2.07 2.06 2.07 2.06
2.13 2.12 2.12 2.12 2.13 2.12 2.12 2.12
2.20 2.20 2.19 2.20 2.20 2.19 2.20 2.20
2.20 2.20 2.19 2.20 2.20 2.20 2.20 2.20
2.24 2.24 2.23 2.24 2.24 2.24 2.24 2.24
2.20 2.18 2.19 2.18 2.20 2.20 2.20 2.20
2.19 2.18 2.18 2.19 2.19 2.20 2.18 2.19
2.23 2.24 2.23 2.23 2.23 2.23 2.24 2.23
2.20 2.20 2.20 2.19 2.19 2.20 2.20 2.20
2.20 2.20 2.20 2.20 2.20 2.20 2.20 2.20
2.25 2.24 2.25 2.27 2.26 2.23 2.27 2.23
2.20 2.18 2.20 2.20 2.20 2.20 2.20 2.20
2.25 2.25 2.24 2.24 2.24 2.24 2.24 2.24
2.24 2.23 2.25 2.24 2.25 2.24 2.24 2.24
2.20 2.18 2.18 2.18 2.19 2.18 2.19 2.18
2.25 2.23 2.25 2.23 2.24 2.24 2.23 2.26
2.24 2.24 2.24 2.23 2.23 2.24 2.23 2.24
2.19 2.19 2.18 2.18 2.20 2.20 2.19 2.19
2.24 2.23 2.23 2.23 2.24 2.24 2.24 2.24
2.25 2.24 2.24 2.24 2.25 2.23 2.24 2.24
2.19 2.20 2.19 2.20 2.19 2.19 2.19 2.19
2.06 2.05 2.06 2.05 2.05 2.06 2.05 2.05
2.20 2.20 2.20 2.20 2.20 2.20 2.20 2.20
2.25 2.24 2.24 2.24 2.24 2.25 2.26 2.26
2.20 2.19 2.18 2.20 2.19 2.19 2.19 2.20
2.08 2.06 2.06 2.06 2.05 2.05 2.06 2.07
2.20 2.20 2.20 2.20 2.20 2.20 2.20 2.20
2.24 2.26 2.24 2.24 2.25 2.24 2.25 2.24
2.19 2.18 2.20 2.18 2.18 2.19 2.20 2.18
2.20 2.20 2.20 2.20 2.20 2.20 2.20 2.20
2.24 2.24 2.24 2.24 2.23 2.24 2.24 2.25
2.18 2.20 2.20 2.19 2.20 2.18 2.18 2.18
2.20 2.20 2.20 2.20 2.20 2.20 2.20 2.20
2.09 2.07 2.07 2.08 2.07 2.07 2.07 2.06
2.13 2.13 2.13 2.14 2.13 2.14 2.12 2.14
2.25 2.25 2.25 2.24 2.27 2.26 2.27 2.29
2.20 2.20 2.20 2.20 2.20 2.20 2.20 2.20
2.25 2.25 2.25 2.26 2.26 2.26 2.24 2.25
2.25 2.26 2.26 2.26 2.27 2.25 2.27 2.27
2.20 2.20 2.20 2.20 2.20 2.20 2.20 2.20
2.26 2.25 2.25 2.25 2.25 2.25 2.24 2.25
2.20 2.20 2.20 2.20 2.20 2.20 2.20 2.20
2.20 2.20 2.20 2.20 2.20 2.20 2.20 2.20
2.06 2.06 2.07 2.06 2.07 2.06 2.10 2.09
2.13 2.13 2.13 2.12 2.13 2.13 2.14 2.12
2.20 2.20 2.20 2.20 2.20 2.20 2.20 2.20
2.25 2.25 2.25 2.25 2.24 2.25 2.26 2.25
2.25 2.24 2.24 2.25 2.24 2.27 2.24 2.25
2.18 2.20 2.18 2.19 2.19 2.20 2.19 2.20
2.26 2.25 2.25 2.26 2.24 2.24 2.24 2.23
2.20 2.20 2.20 2.20 2.18 2.14 2.10 2.10
2.13 2.13 2.12 2.12 2.13 2.13 2.13 2.12
2.20 2.20 2.20 2.20 2.20 2.20 2.20 2.20
2.24 2.24 2.23 2.24 2.24 2.24 2.23 2.24
2.25 2.26 2.28 2.26 2.25 2.25 2.25 2.24
2.18 2.18 2.18 2.18 2.18 2.18 2.18 2.17
2.24 2.24 2.23 2.23 2.23 2.23 2.23 2.25
2.05 2.05 2.05 2.05 2.04 2.04 2.05 2.05
2.08 2.07 2.08 2.10 2.10 2.10 2.10 2.11
2.20 2.20 2.20 2.20 2.20 2.20 2.20 2.20
2.20 2.20 2.20 2.20 2.20 2.20 2.20 2.20
2.06 2.06 2.06 2.05 2.06 2.04 2.04 2.06
2.12 2.12 2.12 2.13 2.12 2.12 2.12 2.12
2.20 2.20 2.19 2.19 2.19 2.20 2.20 2.23
2.20 2.19 2.18 2.19 2.20 2.20 2.20 2.19
2.25 2.25 2.25 2.25 2.25 2.25 2.25 2.21
2.20 2.20 2.20 2.19 2.19 2.19 2.19 2.19
2.20 2.20 2.20 2.20 2.20 2.20 2.20 2.19
2.25 2.25 2.24 2.24 2.24 2.24 2.24 2.25
2.20 2.20 2.20 2.20 2.20 2.20 2.20 2.20
2.20 2.20 2.20 2.20 2.20 2.20 2.20 2.20
2.24 2.24 2.24 2.24 2.24 2.25 2.24 2.24
2.20 2.20 2.18 2.20 2.20 2.20 2.20 2.20
2.20 2.20 2.20 2.20 2.20 2.20 2.20 2.20
2.25 2.25 2.22 2.25 2.24 2.25 2.25 2.24
2.20 2.19 2.20 2.20 2.20 2.20 2.20 2.21
2.24 2.24 2.25 2.22 2.20 2.20 2.20 2.20
2.06 2.05 2.05 2.06 2.06 2.06 2.06 2.06
2.12 2.15 2.16 2.12 2.10 2.11 2.12 2.11
2.20 2.20 2.19 2.20 2.20 2.17 2.20 2.18
2.19 2.20 2.20 2.20 2.18 2.18 2.20 2.19
2.07 2.05 2.06 2.05 2.06 2.06 2.05 2.06
2.12 2.12 2.12 2.12 2.12 2.11 2.12 2.13
2.24 2.24 2.25 2.25 2.25 2.25 2.28 2.24
2.20 2.20 2.20 2.20 2.20 2.20 2.20 2.20
2.06 2.06 2.06 2.06 2.05 2.06 2.06 2.07
2.20 2.20 2.20 2.20 2.19 2.19 2.18 2.16
2.25 2.25 2.23 2.23 2.23 2.23 2.23 2.23
2.20 2.20 2.20 2.20 2.20 2.20 2.20 2.20
2.22 2.23 2.24 2.21 2.20 2.20 2.20 2.20
2.05 2.05 2.05 2.05 2.05 2.06 2.04 2.06
2.13 2.11 2.11 2.12 2.13 2.13 2.12 2.12
2.20 2.20 2.20 2.20 2.20 2.20 2.20 2.20
2.20 2.20 2.20 2.17 2.19 2.19 2.19 2.18
2.24 2.23 2.24 2.27 2.27 2.29 2.23 2.24
2.20 2.20 2.20 2.18 2.18 2.20 2.19 2.19
2.12 2.13 2.12 2.11 2.11 2.11 2.11 2.11
2.20 2.20 2.20 2.20 2.20 2.20 2.20 2.20
2.12 2.12 2.11 2.12 2.12 2.12 2.11 2.11
2.24 2.24 2.24 2.27 2.24 2.22 2.25 2.24
