2.18 2.19 2.19 2.20 2.20 2.18 2.20 2.20
2.19 2.20 2.19 2.19 2.18 2.19 2.18 2.19
2.11 2.11 2.11 2.11 2.12 2.11 2.11 2.11
2.19 2.18 2.20 2.20 2.20 2.19 2.19 2.20
2.20 2.19 2.19 2.20 2.19 2.20 2.19 2.19
2.12 2.11 2.12 2.11 2.11 2.11 2.13 2.12
2.20 2.20 2.18 2.18 2.19 2.18 2.19 2.17
2.11 2.11 2.12 2.11 2.12 2.12 2.12 2.12
2.12 2.11 2.12 2.11 2.11 2.12 2.11 2.12
2.20 2.20 2.20 2.20 2.20 2.20 2.20 2.20
2.13 2.11 2.16 2.12 2.12 2.11 2.12 2.12
2.12 2.12 2.11 2.11 2.12 2.11 2.12 2.12
2.19 2.18 2.20 2.17 2.20 2.19 2.18 2.20
2.11 2.11 2.11 2.12 2.11 2.11 2.11 2.11
2.11 2.11 2.11 2.11 2.12 2.12 2.12 2.11
2.20 2.20 2.20 2.20 2.20 2.21 2.20 2.20
2.24 2.24 2.23 2.23 2.23 2.23 2.24 2.24
2.10 2.04 2.05 2.05 2.06 2.04 2.05 2.05
2.12 2.12 2.11 2.11 2.12 2.12 2.12 2.12
2.20 2.19 2.19 2.19 2.19 2.18 2.18 2.19
2.24 2.24 2.23 2.26 2.24 2.24 2.24 2.23
2.05 2.05 2.05 2.05 2.05 2.05 2.08 2.10
2.11 2.11 2.11 2.11 2.11 2.12 2.12 2.11
2.19 2.18 2.19 2.18 2.18 2.18 2.17 2.18
2.20 2.20 2.19 2.20 2.20 2.20 2.18 2.20
2.25 2.25 2.22 2.29 2.26 2.24 2.24 2.26
2.19 2.19 2.19 2.20 2.20 2.20 2.20 2.19
2.12 2.11 2.11 2.12 2.11 2.12 2.12 2.12
2.20 2.20 2.20 2.20 2.20 2.20 2.20 2.20
2.12 2.12 2.12 2.12 2.12 2.11 2.12 2.11
2.20 2.19 2.19 2.19 2.19 2.19 2.19 2.19
2.20 2.20 2.20 2.20 2.20 2.20 2.20 2.20
2.07 2.07 2.07 2.07 2.07 2.08 2.07 2.06
2.13 2.12 2.12 2.13 2.12 2.12 2.12 2.12
2.20 2.13 2.11 2.11 2.11 2.12 2.11 2.11
2.20 2.20 2.20 2.20 2.20 2.20 2.20 2.20
2.25 2.24 2.25 2.25 2.25 2.24 2.25 2.26
2.20 2.19 2.19 2.20 2.19 2.18 2.20 2.20
2.20 2.20 2.20 2.20 2.20 2.20 2.19 2.19
2.25 2.24 2.24 2.24 2.25 2.24 2.25 2.24
2.19 2.18 2.19 2.19 2.19 2.18 2.19 2.19
2.13 2.11 2.12 2.11 2.12 2.11 2.12 2.12
2.20 2.20 2.20 2.20 2.20 2.20 2.20 2.20
2.24 2.24 2.25 2.24 2.24 2.24 2.24 2.24
2.20 2.20 2.19 2.19 2.19 2.19 2.19 2.19
2.07 2.07 2.06 2.07 2.06 2.06 2.06 2.06
2.12 2.12 2.11 2.12 2.12 2.11 2.18 2.20
2.26 2.24 2.23 2.25 2.27 2.24 2.26 2.24
2.20 2.20 2.19 2.18 2.19 2.19 2.19 2.18
2.25 2.24 2.24 2.27 2.24 2.24 2.28 2.25
2.28 2.24 2.25 2.24 2.24 2.25 2.29 2.29
2.20 2.19 2.19 2.20 2.20 2.20 2.20 2.20
2.24 2.23 2.23 2.24 2.24 2.24 2.24 2.24
2.28 2.29 2.24 2.24 2.24 2.24 2.24 2.25
2.20 2.20 2.20 2.20 2.20 2.20 2.20 2.20
2.06 2.06 2.06 2.06 2.06 2.06 2.06 2.06
2.20 2.20 2.20 2.20 2.20 2.20 2.20 2.20
2.24 2.24 2.24 2.24 2.24 2.24 2.27 2.23
2.25 2.23 2.24 2.24 2.25 2.24 2.23 2.25
2.16 2.20 2.20 2.20 2.19 2.10 2.10 2.10
2.12 2.12 2.12 2.12 2.12 2.13 2.13 2.13
2.20 2.20 2.20 2.20 2.20 2.20 2.20 2.20
2.25 2.25 2.25 2.24 2.26 2.27 2.24 2.27
2.26 2.25 2.24 2.24 2.25 2.25 2.26 2.26
2.20 2.20 2.19 2.20 2.20 2.20 2.20 2.20
2.25 2.26 2.24 2.24 2.24 2.24 2.27 2.25
2.29 2.27 2.24 2.27 2.25 2.24 2.24 2.25
2.20 2.20 2.20 2.20 2.20 2.20 2.20 2.20
2.24 2.24 2.24 2.24 2.24 2.24 2.24 2.24
2.05 2.05 2.04 2.07 2.05 2.04 2.03 2.06
2.12 2.12 2.11 2.12 2.13 2.11 2.12 2.12
2.20 2.20 2.20 2.20 2.20 2.20 2.20 2.20
2.27 2.25 2.23 2.20 2.20 2.20 2.20 2.20
2.25 2.24 2.25 2.24 2.25 2.22 2.24 2.25
2.20 2.20 2.20 2.20 2.20 2.20 2.20 2.20
2.25 2.25 2.25 2.25 2.25 2.24 2.25 2.25
2.25 2.24 2.24 2.24 2.25 2.25 2.24 2.24
2.20 2.20 2.20 2.20 2.20 2.20 2.20 2.16
2.07 2.07 2.06 2.05 2.06 2.07 2.06 2.06
2.20 2.20 2.20 2.20 2.20 2.20 2.20 2.20
2.12 2.12 2.12 2.11 2.11 2.12 2.12 2.12
2.20 2.20 2.20 2.20 2.20 2.20 2.20 2.20
2.20 2.20 2.20 2.19 2.20 2.20 2.22 2.20
2.25 2.25 2.26 2.25 2.25 2.25 2.25 2.24
2.20 2.19 2.20 2.20 2.20 2.19 2.19 2.20
2.26 2.24 2.20 2.20 2.20 2.20 2.20 2.20
2.24 2.23 2.22 2.25 2.25 2.24 2.24 2.24
2.19 2.18 2.18 2.18 2.18 2.19 2.20 2.20
2.24 2.24 2.22 2.23 2.24 2.26 2.24 2.24
2.25 2.27 2.29 2.29 2.30 2.52 2.49 2.36
2.20 2.20 2.19 2.16 2.20 2.20 2.20 2.20
2.25 2.27 2.26 2.24 2.25 2.25 2.24 2.24
2.06 2.05 2.05 2.06 2.01 2.06 2.06 2.05
2.12 2.12 2.12 2.13 2.13 2.11 2.12 2.12
2.20 2.19 2.20 2.18 2.19 2.17 2.18 2.20
2.20 2.18 2.18 2.19 2.19 2.20 2.20 2.19
2.26 2.23 2.24 2.24 2.28 2.25 2.23 2.26
2.18 2.19 2.18 2.19 2.20 2.19 2.18 2.16
2.24 2.24 2.25 2.29 2.25 2.23 2.24 2.23
2.24 2.25 2.23 2.24 2.25 2.24 2.29 2.25
