2.18 2.18 2.19 2.18 2.18 2.18 2.18 2.19
2.18 2.17 2.18 2.17 2.19 2.18 2.18 2.19
2.11 2.11 2.11 2.11 2.11 2.11 2.11 2.11
2.18 2.18 2.17 2.19 2.20 2.18 2.18 2.19
2.18 2.18 2.17 2.18 2.18 2.18 2.18 2.18
2.10 2.10 2.10 2.11 2.11 2.10 2.10 2.11
1.99 1.97 1.98 1.98 1.98 1.99 1.98 1.98
2.10 2.11 2.11 2.11 2.11 2.11 2.11 2.11
2.05 2.05 2.03 2.05 2.05 2.04 2.05 2.07
2.11 2.11 2.10 2.10 2.11 2.10 2.11 2.12
2.10 2.10 2.11 2.11 2.10 2.12 2.12 2.11
2.05 2.05 2.05 2.05 2.04 2.09 2.10 2.10
2.12 2.11 2.11 2.11 2.11 2.12 2.11 2.11
2.05 2.04 2.05 2.03 2.04 2.03 2.10 2.06
2.05 2.04 2.04 2.08 2.04 2.04 2.04 2.04
2.14 2.11 2.11 2.11 2.11 2.11 2.11 2.11
2.05 2.05 2.03 2.04 2.05 2.05 2.04 2.03
2.04 2.04 2.04 2.04 2.05 2.05 2.04 2.04
2.10 2.10 2.10 2.12 2.11 2.11 2.10 2.11
2.05 2.03 2.03 2.03 2.04 2.03 2.03 2.03
2.03 2.03 2.04 2.04 2.04 2.03 2.03 2.03
1.99 1.97 1.97 1.97 1.99 1.97 1.97 1.98
1.97 1.97 1.97 1.97 1.97 1.97 1.97 1.98
2.00 1.97 1.96 1.96 1.99 1.98 1.97 1.98
2.05 2.05 2.04 2.04 2.04 2.03 2.04 2.04
2.13 2.11 2.11 2.11 2.11 2.11 2.11 2.11
2.03 2.04 2.04 2.04 2.04 2.04 2.04 2.07
2.03 2.04 2.03 2.04 2.03 2.04 2.04 2.04
2.11 2.10 2.10 2.11 2.11 2.10 2.11 2.13
2.04 2.04 2.04 2.03 2.05 2.03 2.04 2.04
2.11 2.13 2.10 2.11 2.11 2.11 2.11 2.12
2.11 2.12 2.11 2.11 2.12 2.11 2.11 2.11
2.05 2.04 2.05 2.04 2.05 2.05 2.04 2.04
2.11 2.11 2.11 2.11 2.11 2.11 2.12 2.11
2.05 2.04 2.04 2.04 2.03 2.00 2.00 2.00
1.97 1.98 1.97 1.97 1.96 1.96 1.97 1.98
2.05 2.04 2.05 2.06 2.05 2.04 2.05 2.06
2.11 2.11 2.10 2.11 2.11 2.11 2.11 2.11
2.11 2.11 2.11 2.11 2.11 2.11 2.11 2.11
2.04 2.04 2.04 2.04 2.04 2.04 2.04 2.03
2.11 2.10 2.11 2.10 2.10 2.10 2.10 2.10
1.97 1.96 1.96 1.97 1.97 1.96 1.96 1.96
1.97 1.98 1.97 1.97 1.97 1.97 1.97 1.96
2.06 2.04 2.04 2.04 2.03 2.05 2.04 2.03
1.98 1.97 1.97 1.97 1.97 1.98 1.97 1.98
2.04 2.04 2.04 2.03 2.04 2.05 2.05 2.04
2.10 2.11 2.11 2.11 2.10 2.11 2.11 2.10
1.98 1.97 1.97 1.97 1.96 1.97 1.96 1.97
1.97 1.97 1.98 1.96 1.98 1.95 1.97 1.97
2.03 2.03 2.03 2.03 2.05 2.03 2.05 2.04
2.04 2.03 2.03 2.03 2.04 2.04 2.03 2.03
2.11 2.11 2.10 2.11 2.11 2.10 2.11 2.10
2.03 2.03 2.03 2.03 2.04 2.03 2.03 2.03
2.04 2.03 2.03 2.03 2.04 2.04 2.03 2.03
1.96 1.96 1.97 1.96 1.96 1.97 1.96 1.96
1.98 1.96 1.97 1.97 1.96 1.97 1.96 1.96
1.98 1.97 1.97 1.96 1.97 1.96 1.98 1.96
2.04 2.04 2.04 2.03 2.03 2.03 2.03 2.03
2.09 2.09 2.10 2.10 2.10 2.10 2.10 2.10
2.04 2.04 2.04 2.03 2.03 2.03 2.05 2.10
2.03 2.03 2.03 2.03 2.03 2.03 2.03 2.03
1.94 1.97 1.97 1.97 1.97 1.96 1.97 1.96
1.97 1.97 1.96 1.97 1.97 1.97 1.97 1.97
1.98 1.93 1.97 1.96 1.96 1.98 1.97 1.96
2.04 2.03 2.03 2.03 2.03 2.04 2.04 2.03
1.96 1.97 1.92 1.97 1.96 1.97 1.96 1.96
1.96 1.97 1.96 1.96 1.97 1.97 1.98 1.97
2.04 2.03 2.03 2.00 2.03 2.05 2.03 2.03
1.98 2.00 1.98 1.98 1.97 1.97 1.97 1.97
1.96 1.97 1.96 1.96 1.95 1.94 1.98 1.96
2.05 2.04 2.04 2.03 2.04 2.03 2.05 2.04
1.98 1.97 1.97 1.98 1.97 1.95 1.96 1.98
2.04 2.03 2.04 2.04 2.04 2.04 2.03 2.02
2.04 2.03 2.04 2.03 2.03 2.04 2.03 2.01
1.98 1.99 1.96 1.97 1.98 1.98 1.97 1.98
2.03 2.03 2.03 2.03 2.03 2.03 2.03 2.03
2.02 2.03 2.03 2.03 2.03 2.02 2.03 2.02
1.96 1.97 1.96 1.97 1.96 1.96 1.98 1.97
1.96 1.94 1.96 1.97 1.97 1.97 1.97 1.97
2.10 2.10 2.10 2.10 2.10 2.10 2.10 2.10
2.02 2.02 2.02 2.02 2.02 2.03 2.06 2.06
1.96 1.96 1.96 1.96 1.98 1.96 1.96 1.97
2.04 2.03 2.02 2.03 2.03 2.04 2.06 2.03
1.98 1.97 1.96 1.96 1.97 1.96 1.96 1.96
2.03 2.03 2.02 2.02 2.03 2.02 2.03 2.03
1.97 1.97 1.97 1.96 1.96 1.97 1.97 2.00
1.96 1.97 1.96 1.95 1.95 1.96 1.95 1.96
2.10 2.07 2.03 2.03 2.03 2.03 2.04 2.04
1.96 1.97 1.97 1.97 1.92 1.96 1.97 1.96
1.96 1.96 1.95 1.96 1.96 1.97 1.96 1.96
2.03 2.02 2.02 2.03 2.03 2.00 2.03 2.02
1.97 1.97 1.96 1.96 1.97 1.96 1.97 1.96
1.97 1.96 1.96 1.96 1.96 1.93 1.96 1.96
2.04 2.03 2.03 2.03 2.04 2.03 2.03 2.03
1.96 1.96 1.96 1.96 1.96 1.96 1.96 1.94
1.96 1.96 1.96 1.96 1.96 1.96 1.96 1.97
2.03 2.03 2.03 2.03 2.03 2.02 2.03 2.02
1.97 1.96 1.97 1.96 1.97 1.96 1.96 1.97
2.03 2.03 2.03 2.03 2.03 2.02 2.00 2.00
2.00 2.02 2.02 2.03 2.03 2.03 2.02 2.03
