2.16 2.18 2.20 2.17 2.20 2.18 2.19 2.18
2.11 2.10 2.10 2.11 2.11 2.11 2.11 2.11
2.00 1.99 1.98 1.98 2.00 1.99 1.98 1.98
2.10 2.07 2.06 2.09 2.10 2.10 2.10 2.11
2.19 2.17 2.18 2.18 2.18 2.18 2.17 2.17
2.12 2.11 2.12 2.11 2.11 2.13 2.13 2.12
2.19 2.18 2.18 2.17 2.18 2.17 2.18 2.17
2.20 2.20 2.20 2.20 2.20 2.20 2.18 2.17
2.12 2.11 2.11 2.12 2.11 2.11 2.11 2.11
2.00 2.00 2.00 2.00 2.00 2.00 1.98 1.99
2.12 2.12 2.11 2.11 2.12 2.11 2.11 2.12
2.20 2.20 2.19 2.20 2.19 2.20 2.20 2.20
2.12 2.12 2.11 2.11 2.11 2.11 2.11 2.12
2.12 2.11 2.11 2.11 2.11 2.11 2.11 2.11
2.19 2.18 2.19 2.18 2.19 2.18 2.19 2.18
2.11 2.11 2.11 2.11 2.11 2.11 2.11 2.12
2.20 2.19 2.11 2.10 2.10 2.10 2.11 2.10
2.19 2.18 2.19 2.18 2.18 2.18 2.19 2.19
2.11 2.12 2.11 2.12 2.11 2.11 2.11 2.11
2.19 2.17 2.18 2.18 2.19 2.18 2.20 2.20
2.29 2.34 2.32 2.37 2.39 2.32 2.29 2.34
2.11 2.11 2.11 2.11 2.11 2.11 2.11 2.11
2.18 2.20 2.19 2.19 2.19 2.20 2.20 2.20
2.20 2.20 2.19 2.20 2.20 2.20 2.20 2.20
2.11 2.11 2.12 2.12 2.11 2.13 2.11 2.11
2.20 2.20 2.18 2.18 2.17 2.19 2.17 2.18
2.20 2.20 2.20 2.20 2.20 2.20 2.18 2.17
2.05 2.05 2.05 2.04 2.05 2.05 2.05 2.06
2.11 2.11 2.11 2.11 2.11 2.11 2.11 2.11
2.20 2.15 2.12 2.11 2.11 2.11 2.10 2.11
2.19 2.19 2.18 2.18 2.18 2.18 2.17 2.17
2.10 2.11 2.10 2.10 2.11 2.11 2.11 2.11
2.18 2.18 2.18 2.18 2.17 2.19 2.17 2.18
2.20 2.19 2.20 2.20 2.20 2.20 2.20 2.20
2.25 2.24 2.24 2.23 2.24 2.24 2.24 2.24
2.19 2.18 2.19 2.18 2.19 2.18 2.18 2.19
2.30 2.32 2.31 2.32 2.32 2.33 2.31 2.29
2.06 2.05 2.04 2.05 2.04 2.06 2.05 2.05
2.12 2.12 2.12 2.12 2.12 2.13 2.12 2.11
2.11 2.11 2.11 2.11 2.13 2.16 2.12 2.12
2.19 2.18 2.18 2.18 2.18 2.19 2.19 2.19
2.11 2.11 2.12 2.11 2.12 2.11 2.12 2.11
2.20 2.20 2.22 2.24 2.24 2.24 2.24 2.24
2.19 2.19 2.18 2.19 2.19 2.19 2.20 2.19
2.06 2.06 2.05 2.05 2.06 2.06 2.06 2.05
2.12 2.12 2.12 2.13 2.11 2.12 2.12 2.13
2.12 2.11 2.11 2.12 2.12 2.12 2.11 2.13
2.19 2.18 2.19 2.20 2.19 2.18 2.18 2.17
2.24 2.25 2.24 2.24 2.25 2.23 2.27 2.25
2.05 2.05 2.06 2.05 2.05 2.05 2.06 2.05
2.13 2.13 2.12 2.13 2.12 2.13 2.13 2.12
2.20 2.20 2.20 2.20 2.20 2.20 2.20 2.20
2.20 2.20 2.20 2.20 2.20 2.20 2.20 2.20
2.12 2.12 2.13 2.12 2.12 2.12 2.12 2.12
2.20 2.20 2.20 2.20 2.20 2.20 2.20 2.20
2.24 2.20 2.20 2.20 2.20 2.20 2.20 2.20
2.10 2.10 2.10 2.10 2.10 2.10 2.10 2.07
2.06 2.07 2.06 2.06 2.06 2.05 2.07 2.07
2.20 2.20 2.20 2.20 2.20 2.20 2.20 2.20
2.12 2.12 2.11 2.11 2.12 2.12 2.11 2.11
2.19 2.18 2.18 2.18 2.18 2.17 2.19 2.19
2.20 2.20 2.20 2.20 2.20 2.20 2.20 2.20
2.08 2.06 2.07 2.07 2.06 2.06 2.07 2.06
2.11 2.12 2.12 2.11 2.11 2.11 2.11 2.12
2.12 2.12 2.11 2.12 2.12 2.12 2.12 2.13
2.20 2.20 2.20 2.20 2.20 2.20 2.20 2.20
2.12 2.12 2.12 2.12 2.12 2.12 2.12 2.12
2.20 2.20 2.20 2.20 2.20 2.19 2.11 2.11
2.20 2.20 2.20 2.20 2.20 2.20 2.20 2.20
2.25 2.25 2.26 2.25 2.25 2.25 2.25 2.25
2.20 2.20 2.20 2.20 2.20 2.20 2.20 2.19
2.08 2.07 2.08 2.08 2.07 2.07 2.08 2.06
2.20 2.18 2.19 2.20 2.20 2.20 2.20 2.20
2.12 2.11 2.13 2.11 2.11 2.13 2.13 2.12
2.13 2.17 2.20 2.29 2.30 2.33 2.23 2.20
2.20 2.20 2.20 2.20 2.20 2.20 2.20 2.20
2.12 2.12 2.12 2.11 2.11 2.11 2.11 2.12
2.25 2.25 2.25 2.24 2.24 2.23 2.24 2.25
2.20 2.20 2.20 2.20 2.20 2.20 2.20 2.20
2.06 2.07 2.06 2.07 2.08 2.07 2.03 2.10
2.14 2.12 2.12 2.12 2.17 2.20 2.20 2.20
2.25 2.25 2.25 2.25 2.24 2.24 2.26 2.22
2.20 2.20 2.20 2.20 2.20 2.20 2.20 2.20
2.08 2.07 2.07 2.06 2.07 2.06 2.06 2.06
2.17 2.20 2.20 2.19 2.20 2.19 2.20 2.20
2.12 2.12 2.12 2.13 2.12 2.12 2.13 2.12
2.20 2.20 2.20 2.20 2.20 2.20 2.20 2.20
2.20 2.20 2.20 2.20 2.20 2.20 2.20 2.20
2.11 2.10 2.10 2.11 2.11 2.11 2.11 2.11
2.20 2.19 2.19 2.19 2.20 2.20 2.20 2.20
2.20 2.20 2.15 2.20 2.19 2.20 2.19 2.19
2.11 2.12 2.15 2.12 2.12 2.11 2.12 2.12
2.19 2.20 2.18 2.17 2.18 2.19 2.20 2.20
2.12 2.11 2.12 2.11 2.18 2.20 2.20 2.20
2.11 2.12 2.12 2.12 2.10 2.11 2.12 2.12
2.19 2.18 2.19 2.18 2.19 2.19 2.19 2.18
2.12 2.12 2.11 2.14 2.12 2.11 2.11 2.12
2.12 2.12 2.12 2.12 2.13 2.12 2.12 2.12
2.20 2.20 2.20 2.20 2.20 2.20 2.20 2.20
2.12 2.11 2.11 2.12 2.12 2.12 2.12 2.12
