2.33 2.36 2.36 2.35 2.34 2.33 2.34 2.37
2.34 2.34 2.34 2.36 2.35 2.35 2.33 2.34
2.34 2.35 2.34 2.36 2.34 2.35 2.34 2.35
2.34 2.33 2.34 2.34 2.34 2.35 2.33 2.34
2.35 2.33 2.36 2.34 2.33 2.34 2.33 2.33
2.34 2.34 2.34 2.34 2.33 2.34 2.33 2.34
2.34 2.35 2.34 2.34 2.35 2.37 2.33 2.34
2.34 2.35 2.33 2.35 2.33 2.34 2.34 2.34
2.34 2.33 2.34 2.33 2.34 2.34 2.34 2.34
2.35 2.35 2.33 2.35 2.34 2.33 2.34 2.33
2.37 2.33 2.35 2.33 2.33 2.33 2.34 2.34
2.35 2.33 2.35 2.37 2.34 2.34 2.33 2.33
2.36 2.35 2.36 2.33 2.34 2.34 2.34 2.34
2.34 2.34 2.34 2.35 2.34 2.35 2.33 2.33
2.34 2.33 2.34 2.35 2.34 2.33 2.33 2.35
2.34 2.33 2.33 2.35 2.34 2.34 2.34 2.33
2.38 2.35 2.35 2.35 2.33 2.34 2.34 2.33
2.34 2.34 2.35 2.36 2.35 2.39 2.33 2.34
2.34 2.34 2.34 2.35 2.33 2.34 2.34 2.34
2.37 2.35 2.34 2.33 2.34 2.33 2.34 2.33
2.35 2.34 2.36 2.35 2.35 2.34 2.35 2.36
2.34 2.33 2.33 2.34 2.34 2.34 2.34 2.34
2.35 2.34 2.34 2.33 2.34 2.34 2.34 2.33
2.35 2.34 2.35 2.35 2.35 2.34 2.34 2.35
2.33 2.34 2.34 2.34 2.35 2.35 2.34 2.35
2.34 2.35 2.39 2.36 2.33 2.34 2.39 2.35
2.34 2.33 2.34 2.34 2.34 2.34 2.33 2.34
2.34 2.34 2.34 2.34 2.34 2.33 2.34 2.34
2.36 2.33 2.34 2.34 2.36 2.33 2.34 2.34
2.34 2.34 2.34 2.33 2.34 2.33 2.33 2.34
2.34 2.33 2.33 2.35 2.34 2.33 2.33 2.33
2.39 2.35 2.34 2.33 2.34 2.34 2.33 2.34
2.38 2.34 2.35 2.34 2.34 2.35 2.35 2.34
2.35 2.35 2.34 2.33 2.34 2.33 2.32 2.34
2.34 2.33 2.35 2.33 2.34 2.33 2.34 2.35
2.34 2.34 2.34 2.34 2.34 2.34 2.34 2.34
2.34 2.33 2.34 2.34 2.33 2.34 2.33 2.33
2.35 2.33 2.34 2.33 2.33 2.34 2.33 2.33
2.34 2.35 2.34 2.34 2.34 2.35 2.36 2.35
2.35 2.36 2.37 2.33 2.34 2.34 2.34 2.34
2.34 2.34 2.33 2.34 2.33 2.34 2.33 2.33
2.33 2.33 2.34 2.34 2.33 2.34 2.34 2.36
2.35 2.36 2.36 2.36 2.34 2.36 2.33 2.35
2.34 2.33 2.33 2.34 2.33 2.34 2.35 2.34
2.34 2.35 2.34 2.35 2.34 2.35 2.34 2.34
2.34 2.34 2.34 2.34 2.33 2.33 2.33 2.34
2.34 2.34 2.33 2.34 2.35 2.35 2.35 2.34
2.34 2.34 2.34 2.36 2.39 2.39 2.39 2.33
2.34 2.34 2.35 2.35 2.34 2.35 2.34 2.34
2.34 2.35 2.34 2.34 2.34 2.35 2.34 2.35
2.34 2.34 2.34 2.35 2.35 2.35 2.36 2.36
2.34 2.34 2.34 2.34 2.34 2.34 2.34 2.34
2.36 2.36 2.34 2.35 2.33 2.34 2.34 2.35
2.35 2.33 2.33 2.34 2.33 2.33 2.33 2.33
2.34 2.34 2.33 2.33 2.35 2.34 2.33 2.34
2.34 2.34 2.34 2.34 2.34 2.33 2.33 2.33
2.36 2.34 2.33 2.33 2.34 2.34 2.36 2.36
2.35 2.34 2.34 2.34 2.34 2.35 2.34 2.33
2.34 2.33 2.33 2.33 2.33 2.33 2.33 2.35
2.35 2.34 2.34 2.34 2.34 2.34 2.36 2.33
2.34 2.34 2.34 2.33 2.33 2.33 2.34 2.35
2.39 2.34 2.33 2.33 2.34 2.33 2.33 2.34
2.35 2.37 2.34 2.34 2.34 2.33 2.34 2.34
2.34 2.34 2.34 2.33 2.34 2.33 2.34 2.36
2.33 2.34 2.34 2.33 2.34 2.36 2.33 2.34
2.34 2.33 2.34 2.34 2.34 2.33 2.34 2.33
2.34 2.34 2.34 2.34 2.34 2.34 2.35 2.35
2.36 2.34 2.36 2.35 2.34 2.34 2.33 2.33
2.34 2.34 2.33 2.34 2.34 2.33 2.33 2.34
2.39 2.34 2.34 2.33 2.34 2.33 2.34 2.34
2.35 2.35 2.35 2.35 2.34 2.34 2.34 2.34
2.34 2.35 2.34 2.33 2.35 2.35 2.34 2.34
2.34 2.34 2.35 2.35 2.34 2.34 2.33 2.34
2.34 2.34 2.34 2.35 2.35 2.33 2.35 2.34
2.34 2.34 2.34 2.34 2.34 2.35 2.35 2.34
2.33 2.34 2.34 2.37 2.39 2.34 2.34 2.38
2.35 2.35 2.35 2.35 2.36 2.35 2.34 2.35
2.34 2.34 2.33 2.34 2.34 2.35 2.35 2.36
2.34 2.34 2.34 2.33 2.34 2.34 2.33 2.35
2.34 2.38 2.34 2.35 2.34 2.34 2.34 2.33
2.39 2.36 2.39 2.39 2.42 2.39 2.39 2.39
2.34 2.34 2.33 2.33 2.34 2.35 2.35 2.34
2.34 2.33 2.33 2.33 2.33 2.35 2.38 2.33
2.36 2.34 2.35 2.35 2.35 2.34 2.34 2.35
2.35 2.35 2.35 2.34 2.34 2.35 2.34 2.34
2.34 2.33 2.34 2.33 2.34 2.33 2.34 2.35
2.34 2.38 2.34 2.34 2.34 2.34 2.36 2.37
2.34 2.33 2.35 2.34 2.34 2.34 2.35 2.34
2.34 2.35 2.34 2.34 2.34 2.34 2.34 2.34
2.34 2.34 2.34 2.36 2.34 2.34 2.34 2.34
2.34 2.34 2.34 2.36 2.34 2.33 2.33 2.34
2.35 2.34 2.34 2.34 2.35 2.34 2.33 2.33
2.34 2.33 2.34 2.33 2.33 2.33 2.34 2.33
2.35 2.34 2.34 2.35 2.34 2.34 2.34 2.35
2.34 2.34 2.34 2.36 2.34 2.34 2.36 2.33
2.35 2.34 2.34 2.35 2.33 2.33 2.34 2.33
2.34 2.35 2.33 2.34 2.34 2.34 2.35 2.35
2.34 2.33 2.34 2.37 2.38 2.34 2.35 2.35
2.33 2.34 2.33 2.39 2.39 2.35 2.34 2.35
2.34 2.34 2.34 2.34 2.33 2.35 2.36 2.35
