2.35 2.35 2.34 2.35 2.35 2.34 2.34 2.34
2.34 2.34 2.33 2.36 2.39 2.39 2.34 2.34
2.33 2.35 2.33 2.33 2.34 2.34 2.34 2.34
2.33 2.34 2.33 2.34 2.33 2.34 2.34 2.35
2.34 2.34 2.33 2.33 2.33 2.34 2.33 2.34
2.33 2.34 2.35 2.34 2.35 2.34 2.34 2.33
2.34 2.34 2.35 2.33 2.35 2.34 2.34 2.35
2.39 2.33 2.33 2.34 2.33 2.33 2.34 2.33
2.35 2.35 2.34 2.34 2.33 2.34 2.34 2.33
2.34 2.33 2.33 2.33 2.33 2.33 2.34 2.34
2.34 2.33 2.34 2.34 2.34 2.33 2.35 2.34
2.35 2.34 2.34 2.33 2.33 2.33 2.33 2.33
2.34 2.34 2.34 2.34 2.35 2.36 2.35 2.35
2.33 2.34 2.34 2.33 2.34 2.34 2.34 2.34
2.39 2.38 2.37 2.33 2.34 2.33 2.34 2.33
2.34 2.33 2.33 2.33 2.34 2.33 2.33 2.33
2.34 2.33 2.33 2.34 2.33 2.34 2.33 2.33
2.35 2.34 2.33 2.35 2.33 2.33 2.34 2.35
2.33 2.34 2.34 2.34 2.33 2.34 2.34 2.33
2.34 2.34 2.33 2.34 2.34 2.35 2.33 2.34
2.35 2.34 2.38 2.33 2.33 2.33 2.33 2.33
2.34 2.33 2.33 2.36 2.33 2.34 2.34 2.34
2.33 2.33 2.34 2.34 2.33 2.33 2.33 2.33
2.34 2.34 2.34 2.34 2.33 2.33 2.34 2.33
2.34 2.33 2.33 2.33 2.34 2.33 2.34 2.34
2.36 2.33 2.34 2.34 2.34 2.35 2.34 2.35
2.34 2.36 2.35 2.35 2.34 2.35 2.34 2.34
2.34 2.34 2.33 2.34 2.33 2.34 2.33 2.34
2.34 2.32 2.34 2.34 2.33 2.33 2.34 2.34
2.33 2.34 2.33 2.35 2.34 2.33 2.33 2.33
2.33 2.34 2.33 2.33 2.34 2.33 2.35 2.35
2.35 2.33 2.33 2.33 2.33 2.33 2.33 2.33
2.33 2.33 2.34 2.33 2.34 2.33 2.33 2.33
2.33 2.33 2.34 2.36 2.33 2.33 2.33 2.33
2.33 2.34 2.34 2.35 2.34 2.34 2.34 2.35
2.35 2.34 2.34 2.33 2.34 2.33 2.35 2.33
2.34 2.34 2.33 2.34 2.33 2.34 2.33 2.33
2.34 2.33 2.33 2.35 2.33 2.33 2.33 2.33
2.33 2.33 2.35 2.33 2.34 2.33 2.34 2.33
2.33 2.34 2.37 2.37 2.33 2.34 2.34 2.34
2.36 2.33 2.32 2.34 2.33 2.33 2.33 2.33
2.33 2.33 2.33 2.33 2.33 2.33 2.33 2.33
2.34 2.33 2.33 2.33 2.32 2.33 2.34 2.33
2.33 2.33 2.33 2.33 2.34 2.36 2.33 2.33
2.35 2.34 2.34 2.34 2.35 2.33 2.34 2.34
2.34 2.33 2.34 2.34 2.33 2.34 2.34 2.33
2.34 2.33 2.34 2.33 2.34 2.34 2.35 2.34
2.34 2.33 2.33 2.33 2.33 2.33 2.33 2.33
2.35 2.33 2.34 2.33 2.33 2.34 2.33 2.34
2.34 2.33 2.33 2.34 2.34 2.35 2.35 2.34
2.35 2.34 2.34 2.33 2.33 2.35 2.33 2.33
2.34 2.34 2.34 2.33 2.34 2.34 2.34 2.34
2.34 2.33 2.33 2.33 2.34 2.34 2.34 2.34
2.36 2.34 2.36 2.35 2.34 2.33 2.34 2.33
2.33 2.33 2.33 2.33 2.33 2.34 2.34 2.33
2.35 2.35 2.33 2.33 2.39 2.33 2.36 2.33
2.34 2.33 2.34 2.34 2.34 2.34 2.34 2.34
2.36 2.33 2.33 2.34 2.33 2.34 2.34 2.33
2.34 2.35 2.33 2.34 2.38 2.39 2.39 2.36
2.34 2.34 2.33 2.34 2.33 2.34 2.36 2.33
2.34 2.33 2.33 2.35 2.34 2.33 2.34 2.34
2.34 2.34 2.33 2.34 2.34 2.35 2.34 2.34
2.34 2.34 2.33 2.34 2.34 2.34 2.34 2.34
2.34 2.35 2.34 2.34 2.34 2.34 2.33 2.33
2.33 2.34 2.34 2.34 2.35 2.34 2.33 2.35
2.35 2.33 2.35 2.33 2.33 2.33 2.33 2.33
2.34 2.33 2.33 2.33 2.33 2.33 2.33 2.33
2.35 2.34 2.33 2.34 2.34 2.34 2.34 2.33
2.33 2.35 2.34 2.34 2.34 2.33 2.33 2.33
2.34 2.33 2.32 2.33 2.33 2.35 2.33 2.35
2.33 2.33 2.33 2.33 2.33 2.33 2.33 2.33
2.33 2.34 2.34 2.36 2.35 2.34 2.34 2.33
2.34 2.33 2.33 2.33 2.33 2.33 2.33 2.34
2.34 2.33 2.33 2.33 2.33 2.33 2.34 2.32
2.33 2.33 2.34 2.33 2.33 2.33 2.34 2.33
2.34 2.34 2.33 2.38 2.39 2.33 2.33 2.33
2.33 2.33 2.32 2.33 2.33 2.33 2.32 2.34
2.33 2.33 2.33 2.33 2.33 2.32 2.33 2.33
2.35 2.34 2.34 2.33 2.33 2.33 2.33 2.33
2.33 2.34 2.34 2.34 2.35 2.33 2.34 2.33
2.33 2.34 2.33 2.33 2.33 2.33 2.34 2.33
2.33 2.33 2.33 2.33 2.33 2.33 2.33 2.33
2.34 2.33 2.34 2.33 2.33 2.34 2.33 2.34
2.34 2.33 2.36 2.36 2.36 2.35 2.36 2.39
2.33 2.33 2.35 2.34 2.34 2.33 2.33 2.33
2.34 2.33 2.34 2.34 2.35 2.33 2.34 2.34
2.34 2.33 2.34 2.33 2.34 2.34 2.33 2.35
2.33 2.32 2.33 2.35 2.33 2.34 2.33 2.34
2.34 2.35 2.32 2.33 2.33 2.33 2.33 2.34
2.37 2.33 2.33 2.33 2.33 2.33 2.34 2.33
2.34 2.34 2.33 2.34 2.33 2.35 2.33 2.34
2.34 2.34 2.33 2.35 2.33 2.33 2.33 2.33
2.34 2.34 2.33 2.33 2.33 2.33 2.38 2.36
2.35 2.34 2.33 2.35 2.38 2.39 2.39 2.35
2.49 2.46 2.47 2.50 2.42 2.44 2.48 2.40
2.35 2.34 2.33 2.34 2.34 2.33 2.34 2.35
2.32 2.33 2.34 2.34 2.33 2.33 2.39 2.33
2.33 2.34 2.34 2.34 2.33 2.37 2.36 2.33
2.34 2.36 2.35 2.34 2.32 2.33 2.33 2.32
2.33 2.32 2.32 2.33 2.33 2.32 2.33 2.32
