2.35 2.34 2.36 2.35 2.35 2.36 2.35 2.36
2.34 2.34 2.34 2.35 2.36 2.34 2.34 2.34
2.35 2.34 2.34 2.34 2.34 2.34 2.35 2.35
2.35 2.35 2.35 2.35 2.34 2.35 2.34 2.34
2.34 2.35 2.34 2.34 2.34 2.34 2.34 2.36
2.34 2.34 2.34 2.34 2.34 2.35 2.34 2.34
2.35 2.35 2.34 2.34 2.34 2.36 2.35 2.34
2.35 2.34 2.34 2.35 2.35 2.34 2.33 2.34
2.34 2.34 2.33 2.34 2.34 2.33 2.34 2.35
2.36 2.33 2.33 2.33 2.34 2.34 2.34 2.35
2.34 2.34 2.34 2.33 2.34 2.34 2.34 2.36
2.34 2.34 2.34 2.33 2.33 2.33 2.34 2.34
2.34 2.34 2.33 2.34 2.33 2.33 2.33 2.33
2.34 2.34 2.33 2.34 2.34 2.33 2.34 2.34
2.33 2.34 2.33 2.36 2.33 2.34 2.33 2.34
2.33 2.34 2.34 2.33 2.34 2.33 2.33 2.34
2.35 2.33 2.33 2.34 2.35 2.34 2.33 2.33
2.35 2.36 2.34 2.34 2.33 2.33 2.33 2.33
2.34 2.34 2.35 2.34 2.34 2.35 2.37 2.35
2.35 2.34 2.35 2.34 2.35 2.34 2.34 2.33
2.35 2.34 2.34 2.34 2.34 2.34 2.39 2.39
2.34 2.33 2.33 2.34 2.33 2.33 2.34 2.34
2.34 2.33 2.35 2.33 2.34 2.34 2.34 2.34
2.34 2.34 2.34 2.34 2.33 2.34 2.34 2.34
2.33 2.33 2.34 2.35 2.35 2.34 2.35 2.35
2.34 2.34 2.33 2.35 2.33 2.34 2.34 2.33
2.35 2.33 2.34 2.33 2.35 2.33 2.34 2.34
2.35 2.34 2.34 2.35 2.35 2.35 2.34 2.35
2.34 2.34 2.35 2.35 2.36 2.36 2.34 2.34
2.36 2.34 2.35 2.35 2.35 2.34 2.35 2.34
2.34 2.34 2.34 2.35 2.35 2.34 2.35 2.34
2.34 2.33 2.34 2.34 2.33 2.33 2.34 2.34
2.34 2.33 2.33 2.34 2.35 2.37 2.35 2.36
2.34 2.33 2.33 2.34 2.33 2.38 2.35 2.34
2.33 2.34 2.34 2.33 2.33 2.33 2.33 2.36
2.34 2.35 2.34 2.34 2.34 2.34 2.34 2.33
2.34 2.33 2.36 2.34 2.34 2.35 2.34 2.33
2.34 2.33 2.34 2.34 2.34 2.33 2.34 2.33
2.36 2.34 2.35 2.34 2.33 2.34 2.32 2.34
2.34 2.35 2.34 2.34 2.36 2.39 2.33 2.33
2.35 2.34 2.33 2.35 2.35 2.34 2.34 2.35
2.35 2.34 2.34 2.34 2.35 2.35 2.33 2.33
2.33 2.33 2.33 2.34 2.34 2.33 2.33 2.34
2.35 2.35 2.34 2.34 2.34 2.34 2.34 2.34
2.35 2.37 2.35 2.35 2.36 2.34 2.34 2.34
2.35 2.35 2.34 2.34 2.33 2.35 2.34 2.34
2.34 2.34 2.34 2.35 2.34 2.34 2.34 2.33
2.33 2.33 2.35 2.34 2.36 2.36 2.34 2.34
2.34 2.34 2.34 2.33 2.34 2.34 2.34 2.34
2.35 2.34 2.34 2.33 2.34 2.34 2.33 2.34
2.35 2.35 2.34 2.34 2.34 2.34 2.33 2.34
2.34 2.34 2.34 2.34 2.34 2.34 2.33 2.34
2.35 2.33 2.37 2.34 2.33 2.35 2.33 2.33
2.34 2.34 2.34 2.33 2.36 2.35 2.34 2.33
2.36 2.34 2.33 2.33 2.34 2.34 2.35 2.33
2.35 2.35 2.34 2.34 2.34 2.34 2.34 2.35
2.34 2.34 2.33 2.33 2.33 2.34 2.34 2.33
2.35 2.34 2.34 2.35 2.35 2.35 2.34 2.34
2.34 2.33 2.34 2.33 2.34 2.34 2.34 2.33
2.34 2.34 2.33 2.34 2.33 2.34 2.33 2.34
2.37 2.35 2.36 2.38 2.34 2.34 2.34 2.33
2.35 2.34 2.34 2.34 2.34 2.34 2.33 2.34
2.34 2.34 2.34 2.34 2.35 2.35 2.35 2.35
2.33 2.33 2.33 2.33 2.35 2.33 2.33 2.33
2.38 2.34 2.35 2.34 2.34 2.34 2.34 2.35
2.34 2.34 2.34 2.34 2.34 2.34 2.34 2.34
2.34 2.34 2.33 2.34 2.34 2.34 2.34 2.34
2.34 2.35 2.34 2.36 2.34 2.36 2.38 2.34
2.33 2.32 2.32 2.33 2.35 2.33 2.33 2.33
2.35 2.35 2.35 2.34 2.35 2.34 2.34 2.33
2.34 2.34 2.33 2.34 2.34 2.35 2.34 2.34
2.34 2.34 2.33 2.34 2.34 2.34 2.33 2.35
2.37 2.37 2.34 2.34 2.34 2.34 2.34 2.34
2.34 2.34 2.34 2.34 2.33 2.34 2.35 2.35
2.34 2.33 2.33 2.34 2.35 2.34 2.36 2.34
2.34 2.34 2.34 2.34 2.34 2.34 2.36 2.33
2.29 2.29 2.29 2.29 2.29 2.29 2.30 2.31
2.33 2.34 2.33 2.35 2.33 2.33 2.38 2.34
2.36 2.33 2.33 2.33 2.33 2.33 2.33 2.34
2.31 2.33 2.34 2.34 2.33 2.33 2.33 2.33
2.34 2.34 2.34 2.34 2.33 2.34 2.34 2.34
2.37 2.33 2.35 2.37 2.34 2.34 2.34 2.33
2.34 2.33 2.34 2.33 2.34 2.34 2.34 2.35
2.36 2.35 2.33 2.34 2.37 2.34 2.37 2.35
2.38 2.34 2.33 2.35 2.29 2.29 2.29 2.29
2.35 2.36 2.34 2.33 2.33 2.34 2.33 2.34
2.34 2.33 2.33 2.33 2.33 2.33 2.35 2.33
2.34 2.34 2.37 2.34 2.34 2.34 2.34 2.34
2.34 2.34 2.33 2.34 2.33 2.34 2.34 2.33
2.35 2.34 2.33 2.34 2.35 2.35 2.35 2.34
2.33 2.33 2.33 2.33 2.34 2.33 2.34 2.33
2.34 2.34 2.34 2.34 2.34 2.34 2.34 2.33
2.34 2.35 2.35 2.34 2.34 2.34 2.33 2.33
2.36 2.36 2.34 2.34 2.34 2.33 2.33 2.33
2.35 2.34 2.33 2.33 2.34 2.33 2.34 2.34
2.34 2.36 2.33 2.34 2.35 2.39 2.34 2.34
2.34 2.35 2.34 2.34 2.35 2.34 2.33 2.33
2.34 2.35 2.33 2.34 2.34 2.34 2.33 2.34
2.34 2.34 2.34 2.34 2.35 2.34 2.34 2.34
2.35 2.35 2.35 2.34 2.34 2.35 2.34 2.34
